1796105902
1062732142
1698820839
1856478549
1799177737
1949679627
1260569589
1810849601
1265367247
1647799585
1167990240
1176053685
1112414765
1784155740
1635693540
1691453181
1605042544
1148380696
1766243058
906526494
1617952447
1715725485
1883693566
1383071475
1486346410
1726729375
592703868
1796706972
1680103576
1471067948
1696833801
1252397383
1778456998
1854059383
1655517318
1390815208
1755225043
1861365145
1756795943
1859932723
1762898284
1470300553
1704696811
858342366
1919526667
1842267746
1833949872
1354898945
1622720896
950312140
1261404102
1687278661
1232801431
130655346
1755312466
1647818651
1902695281
1825440295
876876351
1348825365
1845492037
1824424435
989831395
1779223028
1608967166
1423750846
240798370
1921189616
195386258
430489190
1434828616
1724001004
1884027151
749414263
1866573201
1133942943
1812864106
1892912001
624301801
1330604123
993491015
1730868299
1640698046
313748947
980294414
1689125830
1305991512
1411507632
1228160220
1805934759
1893276010
1165758525
1279348015
1766565313
1900614230
1885243490
753584593
1432861272
1296664744
1872525316
1398132996
